0.9459000000000533
0.581999999999768
1.0621999999999634
-2.108600000000136
-2.1218999999999806
0.9637999999998801
1.7842999999999183
2.3272000000000634
0.9942999999999547
2.3068999999999296
-0.06630000000006753
0.30529999999987645
-0.21880000000021305
0.8511999999999507
0.49030000000004925
1.9729999999998444
-0.39080000000001114
1.643199999999867
0.495700000000058
1.991000000000101
0.42419999999981606
-2.0482000000000635
0.5501000000000449
1.7290999999999048
-2.0321000000000122
0.9241000000000685
1.1181000000000285
0.8841999999998524
-0.1696000000000577
2.004699999999845
-0.15180000000020577
0.011900000000084177
-0.10669999999993074
0.894899999999895
2.0846999999999998
-0.15370000000018358
-2.106499999999981
0.96600000000001
0.34129999999993466
1.9784000000000805
0.9316999999999798
2.3048999999997495
1.7925999999998812
0.24079999999992374
0.9857999999998146
1.696600000000105
-0.09559999999998858
2.0062999999998983
-0.00020000000006170637
0.8510999999999758
2.329200000000016
2.1245999999999885
-2.073700000000029
2.325899999999935
0.9608999999999259
0.9814999999999845
1.0813999999999186
1.003800000000071
1.7140000000000573
2.0888000000001075
0.9534999999999645
0.007099999999924833
2.110900000000017
-0.16759999999987762
1.0573000000000565
0.9942999999999547
1.0684999999997462
2.2725999999998994
0.7608000000001329
2.0745999999998066
2.472099999999843
2.263900000000037
0.23100000000011
-0.03960000000017594
2.345899999999917
1.8339999999999481
1.953100000000065
0.8884999999999099
1.1337999999999528
2.3148999999999678
1.0022999999999929
-0.06569999999999077
1.8141000000001686
2.0919000000000114
0.3259999999999099
2.094099999999914
1.8079999999998808
0.9236999999999416
0.5386999999999507
1.83879999999988
0.22969999999998159
0.28559999999981933
0.501799999999891
-0.035999999999942744
0.9761999999999507
-0.1680000000000046
1.1953999999999514
-0.16640000000017885
-0.011500000000181032
0.9633999999999805
-2.0932000000001363
0.508600000000003
0.8914000000000915
1.0610999999997848
0.9757999999998237
2.3300000000000427
1.9528000000001402
2.4090999999999685
0.9988999999999368
-0.13420000000007626
0.38779999999985826
2.2955999999998102
0.9075999999998903
0.8782999999999692
-0.19860000000005407
-0.15269999999997985
-0.5108000000001294
0.751799999999891
1.985800000000042
2.3320999999999703
0.4612999999998255
1.632400000000077
0.8616000000000685
0.9085000000001191
1.8080999999998557
-0.1417999999999875
1.9343999999997568
-2.1253000000000366
-0.1395000000001101
2.306199999999878
1.9947000000000816
1.8347999999999747
1.891499999999839
2.484899999999813
2.4243999999999932
-0.15620000000001077
-0.10910000000023778
1.9018999999999568
0.8889999999997844
2.0072999999998746
1.9568999999997931
0.8550000000001337
1.758199999999876
0.1268999999998659
0.9390999999999412
0.9289000000000005
-0.03769999999997076
-0.2563999999998696
2.341899999999784
2.266599999999814
-0.13900000000000823
0.0640999999999412
1.7971000000001158
0.30909999999983206
0.9618999999999023
0.9060999999998121
0.6497999999998019
0.957399999999895
-2.0641999999999125
0.3972999999999747
2.304899999999977
2.2829000000000423
1.9838000000000893
0.7857999999999965
1.5535999999998484
2.510400000000006
1.0158999999999896
-2.0367999999999693
2.3493999999999478
-2.101299999999922
-0.13459999999997585
0.34979999999984734
1.801299999999971
1.5342999999999183
2.345399999999815
1.8367999999999274
2.4235999999999667
1.1312999999998983
0.6556999999999125
-2.153100000000107
-0.038400000000022416
0.932799999999931
2.1892000000001435
0.8939999999998935
0.9124000000000496
2.31280000000004
2.273399999999926
1.968599999999812
0.5157000000000398
2.3391999999997797
2.255199999999947
0.9898999999999223
0.6719999999999136
2.2864000000000733
1.9777000000000289
0.6750999999998175
0.8751999999998379
0.4062000000000143
1.967700000000038
1.893599999999994
0.47650000000010273
0.9535999999999394
0.610399999999915
1.8942000000000707
-0.123200000000109
0.9340999999998321
0.9314000000000551
2.322299999999929
0.39950000000010455
0.6410999999999394
1.1716999999999889
0.9854999999998899
2.3283999999999896
0.34680000000014566
0.009799999999929199
2.3514999999998754
1.8243999999998568
1.979200000000107
0.9219999999999136
0.9096999999998179
-0.004600000000094084
0.31509999999991756
1.968599999999812
0.3343000000001002
0.851899999999775
1.088899999999855
-0.08039999999993874
2.143699999999969
1.6872999999999383
-0.11910000000000132
1.891899999999966
0.9657000000000853
-0.2832999999999384
2.302599999999872
1.999200000000089
0.8530999999999285
2.141899999999966
1.0912999999999347
-0.10990000000003697
0.7116999999999525
0.6654999999999536
1.0214999999999481
1.0819000000000205
-2.016500000000063
2.3020999999999976
0.5990000000000482
0.8998000000000292
0.8950999999998448
0.8950999999998448
-0.13260000000002314
0.9574999999998699
0.16399999999987536
-0.14700000000004643
0.25709999999992483
2.3102999999999856
2.4664999999998845
0.674599999999943
-2.0651000000001414
0.8879000000000605
0.014399999999911373
0.09329999999988736
2.2332999999999874
0.9053999999999878
1.832399999999895
2.242100000000052
-2.113099999999916
2.216099999999985
0.011499999999957211
2.191199999999869
-0.0505000000001683
0.02810000000011037
0.7319000000001115
0.45699999999976804
2.1821999999998543
0.5139000000000369
2.4737000000001235
1.9817999999999092
0.4961999999999325
1.626799999999891
2.1111999999999416
0.6867999999998364
0.9097000000000453
-0.054799999999998406
0.7862000000001235
2.326099999999885
-0.11950000000012828
0.19649999999990264
0.8935000000000191
1.008699999999978
2.327699999999938
0.9135999999999758
1.9893999999998204
0.9377999999998128
2.2969999999999136
-0.15279999999995475
1.574500000000059
0.6981999999999307
-0.1434000000000406
2.29350000000011
1.9334000000000078
-0.015299999999909275
0.5479999999998899
-2.1915000000000173
0.610399999999915
1.9877999999999947
0.8563000000000347
1.0077999999999765
1.6976999999998288
2.301900000000048
0.4850000000000154
0.9961999999999325
1.4404999999998171
0.6091999999999889
2.0012000000000416
1.2015999999999867
2.3247999999999838
1.007400000000077
0.5283000000000602
-0.10400000000015375
1.0450999999999357
-0.016600000000037696
1.2928000000000583
2.251899999999866
0.45799999999997176
0.3027999999998219
1.9687999999999892
0.5088999999999277
2.2917999999998546
1.7954000000000878
0.9462999999999528
2.472800000000122
1.6526999999999834
0.9033000000000602
0.9271999999999725
-2.106499999999981
0.7119000000001297
-2.068800000000122
-0.16460000000017594
2.1191999999997524
0.5074000000000769
1.0113000000000074
-2.070600000000125
0.7413000000000256
2.021799999999873
-0.1295000000001192
-2.1597000000000417
2.38400000000013
0.4354999999999354
0.7101000000001267
2.332599999999845
0.8622999999998928
-0.0010000000000882636
-0.1680999999999795
0.9303999999998513
2.025199999999929
1.9096999999998179
-2.103099999999925
2.3244999999998317
1.0335999999998666
2.333899999999973
2.2825999999998903
0.5251999999999288
0.4816999999999343
-0.009300000000051156
0.9552999999999674
2.360700000000067
0.9388999999999914
2.1375999999999085
0.8643999999998204
0.9190999999999594
0.47269999999991974
2.2957999999999874
0.671600000000014
0.48259999999993575
0.9459000000000533
2.211999999999877
1.0620000000000136
1.0704999999999263
-2.0685000000001974
1.0234000000001533
0.48619999999994157
0.9499999999999336
0.6480000000000263
0.883600000000003
1.8109999999998099
1.9777000000000289
0.023299999999951027
0.6634999999997735
-0.14890000000002424
-0.18850000000008826
0.909899999999995
2.2670999999999157
0.9459999999998008
2.033800000000044
1.0273999999998313
1.7024000000000132
2.3261999999998597
0.4275999999998721
0.8048999999997495
0.3019999999997953
2.3326999999998197
1.7229999999998444
1.8197999999998746
-2.110400000000139
0.8964999999999481
0.9374999999998881
0.8424999999998608
-2.0516000000001196
0.9182999999999328
1.9606999999999761
-0.0526000000000959
0.27509999999995394
1.8691000000000049
0.5097999999999292
1.9613999999998004
2.324199999999907
0.5460999999999121
0.29089999999985316
0.4588999999999732
-2.060600000000134
1.777999999999908
1.7902000000000289
0.687900000000015
2.3411999999999598
-0.10009999999999586
1.7701999999998197
1.8643999999998204
2.125400000000015
2.4091999999999434
0.4902999999998219
2.0710999999997757
1.8851000000000813
1.8219000000000296
-2.0431999999999544
2.322700000000056
-0.16890000000000605
2.3202000000000016
0.22400000000004816
2.2951999999999106
2.3318000000000456
2.291399999999955
0.8320999999999703
0.49659999999983206
1.9644999999999317
2.4696999999999907
1.1118999999999932
0.8994999999998772
1.0602999999997582
0.1610999999999212
1.8567999999999092
1.116000000000101
-0.21570000000008172
0.01889999999991865
0.008300000000078356
0.9730000000000718
0.033800000000043795
0.5111000000000576
0.688899999999764
1.8313999999999186
0.8243000000001093
0.4735999999999212
1.9666000000000867
2.081600000000096
0.5089999999999026
0.68150000000003
0.5954000000000423
2.1593000000001457
0.5884999999999554
0.7677999999999674
0.9929000000000787
0.8741999999998615
0.49459999999987936
-2.129600000000094
0.9107999999999965
-2.1100999999999868
-2.0270000000001556
0.9619999999998772
-0.5593000000000057
1.05650000000003
0.6251999999998379
-2.141400000000088
2.3433999999998623
2.342199999999936
-0.15289999999992965
0.8682999999999783
0.7484999999998099
0.3732999999998601
2.329299999999991
1.9694999999998135
1.9784000000000805
-2.1045000000000282
2.1031999999999034
1.7693000000000456
-2.1172000000000235
1.915100000000054
-0.05460000000004861
2.4828999999998604
0.89700000000005
1.1598000000000201
2.1800999999999267
0.9876999999997924
0.018599999999993955
1.7222000000000453
0.7478999999999605
0.3995999999998521
-0.1274999999999391
1.8376999999999288
0.8119999999997862
0.4711999999998415
-0.15610000000003588
0.41790000000003324
0.9734999999999463
2.3230999999999558
1.6791999999999252
0.6061999999998324
-2.0640999999999377
2.2755999999998284
2.286199999999896
2.3232999999999056
-2.0859999999998973
0.8993999999999023
-0.17579999999986562
-1.9738000000000948
-2.057300000000053
2.01570000000004
0.970699999999967
1.9803999999998059
2.327099999999861
1.6976999999998288
0.47210000000007035
0.87549999999999
-2.164000000000099
1.043099999999983
2.310699999999885
2.023199999999976
0.8814999999998481
1.8531999999999034
0.5312999999999892
0.3525000000000791
0.23659999999984116
2.3428999999999878
0.9975000000000609
0.9179999999997808
1.6871999999999634
0.8907000000000398
-2.2755000000000773
2.416199999999778
-2.060800000000084
2.467700000000038
2.117099999999825
2.342199999999936
-2.078700000000138
2.409399999999893
2.1175999999999267
0.010699999999930654
0.4829000000000878
2.4195000000000864
-2.0877000000001527
1.9552999999999674
-0.06820000000004534
1.5959999999998917
0.870700000000058
1.0277999999999583
2.0012000000000416
0.4797999999999565
2.330899999999817
1.7363999999998914
-2.1469000000000715
-2.0593999999999806
2.046500000000039
0.5593999999999841
1.9958000000000329
0.9718999999998932
0.5240999999999776
-0.15440000000000786
1.7373999999998677
-2.0904999999999045
-2.070100000000023
0.47400000000004816
1.773800000000053
1.9085999999998666
0.5593000000000092
1.0593000000000092
0.008699999999977948
0.9171999999999816
2.2812999999999892
2.334600000000025
1.9647999999998564
1.8432999999998874
0.25729999999987463
1.9204999999998353
0.8676999999999016
1.8995000000001045
0.9303999999998513
0.8546000000000067
0.8940000000001209
-2.090100000000005
1.9602000000001016
1.8212999999999528
1.1308999999999987
1.7942999999999092
0.43400000000008454
1.0255999999998284
-0.02730000000008026
2.299299999999791
0.993599999999903
2.3291000000000412
0.9408999999999441
0.9634999999999554
2.0041999999999707
2.4529999999998626
2.419399999999884
0.9325999999999812
2.2215999999999685
-2.1126000000000413
-2.134400000000026
0.9164999999999299
2.1852999999999856
0.9484000000001078
1.5814999999998935
0.9886999999999961
-0.6126000000000413
2.005399999999897
0.8425000000000882
1.9682999999998874
0.46600000000000996
0.5376999999999743
-0.10379999999997658
0.8378999999998786
-0.1417000000000126
0.4796999999999816
-2.1119999999999646
-2.037400000000046
2.378699999999869
2.025300000000131
0.8786999999998688
2.3476999999999197
-2.1177000000001254
2.0484999999999918
0.7168000000000365
1.0230000000000263
0.2800000000000882
2.288199999999849
1.0591000000000594
2.327799999999913
-2.264399999999908
0.9796999999999816
2.354200000000107
2.1193999999999296
0.9390999999999412
0.692699999999947
-2.134700000000178
1.8420999999999612
2.1082000000000125
0.2843999999998932
2.3291000000000412
1.9733999999999714
2.280300000000013
-2.110000000000012
0.3630999999999194
0.6351999999998288
0.7022000000000634
-0.5576999999999526
0.01749999999981533
1.1326000000000267
0.5980999999998193
1.8381999999998033
0.9865000000000936
-2.0846999999999962
-0.15080000000000204
1.9691999999998888
2.0059999999999736
1.7982999999998146
0.6438999999999186
0.925999999999819
0.6468999999998477
1.820799999999851
0.911299999999871
1.9550999999997902
-0.21699999999998276
2.495499999999881
2.3313999999999186
1.7882999999998237
-0.16310000000009772
1.2478999999999605
0.5357999999999965
2.3470000000000955
0.9164999999999299
-0.1535000000000064
-0.11810000000002496
-0.10640000000000605
0.9912999999997982
0.8765999999999412
2.1733999999997895
-2.0478999999999115
1.748799999999962
-0.017699999999988947
0.940999999999919
0.8955999999999467
2.009999999999879
1.2134999999999554
2.1571999999999907
0.9967999999997819
1.8447999999999656
-0.09499999999991182
0.5368999999999478
1.9285999999998484
2.316099999999894
-0.1210000000002065
-2.117900000000075
0.46400000000005726
1.9792999999998546
0.8039999999999754
1.9851999999999652
-2.1168999999998714
2.3335000000000736
2.1217000000000343
2.005800000000024
2.495399999999906
2.148499999999901
-2.0299000000001097
-2.083600000000045
-0.16470000000015084
2.1227999999999856
-0.1898999999999642
2.462400000000004
1.766899999999966
0.8660000000001009
1.9963999999998823
1.9622000000000543
0.04669999999998886
0.5058999999999987
1.8389999999998299
0.9053999999999878
0.46609999999998486
2.287100000000125
0.4731000000000467
-0.020399999999993312
1.1869000000000387
0.987099999999943
1.9056999999999125
0.7832999999999419
2.309700000000136
-2.0780000000000864
1.7830000000000172
1.7477000000000107
0.7069000000000205
-2.080299999999964
1.9666000000000867
1.9024999999998062
0.4150000000000791
2.321299999999953
0.552699999999847
0.9235999999999667
-2.0744000000000806
0.9338999999998823
0.017299999999865534
1.9963000000001347
1.602500000000079
0.8198999999998495
0.7159000000000351
0.5209999999998463
1.6305999999998466
-2.0511000000000177
1.9721999999998179
0.13839999999993502
0.7593999999998022
0.12000000000000632
1.6781999999999488
0.08089999999981679
0.06910000000005034
1.9977000000000107
0.980599999999983
1.9774999999998517
1.0516999999998706
1.3285999999999394
1.7054999999999172
2.2950999999999357
-2.1737000000001654
-0.12850000000014283
0.08439999999984771
1.9747000000000998
1.7885999999999758
-0.15210000000013046
0.7867999999999729
0.9050999999998357
1.8165999999999958
-0.045799999999983854
2.044699999999809
0.7115000000000027
1.0849999999999245
2.041900000000057
0.4855999999998648
1.805200000000129
-0.00680000000022396
0.3995999999998521
-0.028699999999956205
0.9298999999999769
-0.02110000000004497
0.009399999999802233
0.922899999999915
1.2045999999999157
-0.02419999999994893
0.49059999999997395
1.0205999999999467
0.9764999999998754
0.07079999999985098
2.2856000000000467
1.0046000000000976
0.017799999999967397
1.2666000000000412
1.9519000000001387
2.285200000000147
1.9886999999999961
0.8834000000000533
-2.044100000000183
0.9498999999999587
2.340399999999933
0.883600000000003
-2.0272000000001054
0.5665999999999958
2.1159999999998735
1.981899999999884
-2.0414999999999264
-2.085500000000023
0.2510000000000918
-0.12360000000000859
0.7933999999999077
1.2890000000001027
0.4436999999999234
-2.046100000000136
-0.03139999999996057
0.9710000000001191
1.9600999999998994
0.4975000000000609
1.0601999999997833
0.9352000000000107
1.246999999999959
-2.1193000000001785
0.8419000000000114
1.0015999999999412
2.329399999999966
2.324199999999907
1.1422999999998655
1.8097000000001362
1.8402999999999583
2.074299999999882
1.662899999999924
1.6924999999999972
0.8203999999999514
0.9526999999999379
0.8683999999999532
-0.03400000000021741
2.316900000000148
2.3757999999999146
1.751899999999866
1.3799999999997699
2.33229999999992
0.7489999999999117
-0.11839999999994966
0.8735000000000372
0.48230000000001105
0.8083000000000329
0.9190999999999594
2.2613999999999823
0.9893999999998204
2.3071000000001067
0.9981999999998852
1.756599999999823
-0.03930000000002387
0.9470999999999794
1.1492999999999274
2.3398999999998313
2.204200000000016
2.2894000000000023
0.8893999999999114
0.93150000000003
1.0116000000001595
-0.16919999999993074
0.8764999999999663
2.3365999999999776
0.9303000000001038
2.363799999999971
2.3564000000000096
1.5584999999999827
2.328799999999889
1.8858999999998804
1.07800000000009
0.9456000000001286
-0.15220000000010536
2.120199999999956
-0.16700000000002824
0.7696999999999452
0.9066999999998888
0.36959999999987936
0.05089999999984407
1.1662000000000052
2.2228999999998695
1.0392000000000525
-0.16070000000001805
0.46289999999987863
2.3312999999999438
-2.1204000000001297
0.06539999999984225
0.4932999999999783
0.6828999999999059
1.1083999999999623
1.7454000000001333
0.9130000000001264
2.3072000000000816
2.253299999999969
0.03629999999987099
2.132500000000052
2.0140999999999867
0.1794999999998499
-0.08350000000007007
2.138800000000062
-0.13030000000014574
-0.043199999999954386
-0.1493000000001512
1.8218000000000547
1.0628000000000402
2.07599999999991
0.9914999999999754
2.203899999999864
0.34540000000004234
0.4334999999999827
0.477199999999927
0.47829999999987827
1.255199999999947
-0.17980000000022578
-0.022600000000123188
0.8330999999999467
0.3582999999999874
0.45629999999994375
2.3343999999998477
0.4597999999999747
1.9664999999998845
1.0856999999999761
1.6127000000000198
0.8614999999998663
-0.0289999999998809
2.436700000000089
0.7052999999999674
2.2313000000000347
2.056600000000005
-2.113400000000068
0.4856999999998397
0.47079999999994193
-2.0563000000000766
0.9881999999998943
-2.126200000000038
1.95950000000005
2.30209999999977
0.2838000000000438
2.4587999999999983
1.9877999999999947
1.0885999999999303
2.142400000000068
-0.16460000000017594
-0.14280000000019122
-0.06849999999997003
-2.1088000000000857
1.979799999999729
0.9930000000000536
0.018999999999893546
0.9921000000000522
0.4919999999998499
1.9277000000000744
0.8611999999999416
1.0702999999999765
1.9433999999997713
-0.2569999999999464
1.0586999999999325
2.0338999999997913
2.098899999999846
-0.05969999999990527
-1.9329000000001297
1.8169999999998954
1.946600000000105
2.3133999999998895
-2.048699999999938
-0.052299999999943836
0.9782999999998783
2.1369999999998317
-0.22559999999987035
0.8470000000000955
-0.1861000000000086
2.3262999999998346
1.9698999999999405
1.1484999999999008
0.9919999999998499
2.490400000000024
2.324400000000084
0.521199999999796
0.4914000000000005
0.4746000000001249
1.87549999999999
-0.024399999999898725
2.1059999999998826
2.0899999999998062
0.8524999999998517
2.312799999999813
-0.16539999999997512
0.4266999999998706
0.8393999999999568
1.7232999999999965
2.3460999999998666
0.9721999999998179
2.122500000000061
-1.5624999999998845
0.9793999999998295
0.9551000000000176
1.0130000000000354
-0.17660000000011955
2.1065999999999594
2.4774999999998517
0.5548999999999769
0.6680000000000081
0.982399999999986
2.421699999999989
2.2584000000000533
0.9139999999998754
0.5972000000000453
2.3167999999999456
-0.16510000000005043
-0.1556999999999089
-0.19979999999998022
0.10550000000000814
0.9817999999999092
-2.077300000000035
2.0639999999999663
2.3150999999999176
0.6294999999998954
0.8692999999999547
-2.2279000000002025
0.3005999999999194
2.071999999999777
0.27709999999990664
0.9397999999999929
2.31949999999995
0.8248999999999587
0.004400000000147841
0.771599999999923
0.8511999999999507
-2.1038999999999515
0.2683999999998168
-0.03840000000024979
0.9412999999998437
0.3869999999998317
1.9476000000000813
0.475499999999899
2.1613000000000984
1.010099999999854
2.315100000000145
-0.14670000000012173
2.179199999999925
0.9696999999999907
2.3401000000000085
1.981899999999884
2.5012000000000416
0.42029999999988554
-2.1055999999999795
-2.0674999999999937
1.9868000000000183
-0.21320000000002715
0.23949999999979532
0.4210999999999121
1.791399999999955
0.9512999999998346
2.3115999999998866
-2.096599999999965
0.06979999999987463
1.0589999999998572
2.298200000000067
1.2024999999999881
1.8342999999998728
0.6794000000001024
0.6975999999998539
0.49010000000009946
-2.0973000000000166
1.8199999999998244
0.9297000000000271
1.2051999999999925
0.616899999999875
1.1477000000001016
-0.045799999999983854
0.58450000000005
0.7038999999998641
0.6368999999998568
2.099600000000125
-2.0827000000000435
-0.14500000000009372
-0.163799999999922
1.7112999999998255
1.036699999999998
-0.1657000000001272
0.8761999999998142
-0.17050000000005916
-2.077300000000035
0.7295000000000318
0.9175999999998812
1.9486000000000576
-0.00010000000008680843
0.4874000000000951
1.871999999999959
-2.115200000000071
2.066200000000096
0.8442000000001162
2.3152999999998674
0.4566000000000958
2.1601999999999197
2.2840999999999685
1.8243999999998568
0.024099999999977584
-2.044300000000133
1.0212999999999983
2.32379999999978
1.854200000000107
0.477199999999927
1.0695999999999248
0.8548999999999314
0.43229999999982915
1.7114000000000278
2.2791999999998342
0.8759999999998644
-2.1655000000001774
0.4370999999999885
-0.16070000000001805
-0.19559999999989763
0.05379999999979823
2.0329000000000423
0.9251999999997924
0.9109999999999463
2.232099999999834
-2.0675999999999686
2.3165999999999958
1.1462000000000234
2.315899999999944
0.0721999999999543
2.2906999999999034
0.9696000000000158
-2.070600000000125
0.7188999999999641
0.8794000000001478
-0.11880000000007662
2.320999999999801
2.473899999999846
1.998799999999962
2.2182999999998874
0.9162999999997528
0.44839999999988045
1.9855999999998648
1.242300000000002
1.8530999999999285
2.1523999999998313
1.778199999999858
-0.13060000000007044
-0.18650000000013556
0.5109999999998553
-2.113400000000068
1.9412999999998437
2.080899999999817
2.0858000000001784
2.1999999999999336
0.8600999999999903
0.3242999999998819
0.46639999999990955
1.6325000000000518
1.9074999999999154
0.7103000000000765
0.9743999999999478
1.725399999999924
-0.12780000000009117
1.9881999999998943
2.447599999999854
0.9717999999999183
1.0824000000001224
0.9166999999998797
1.2523999999999678
2.286299999999871
1.2613000000000074
0.16629999999998013
0.5368999999999478
1.835799999999951
1.9613999999998004
1.7985999999999667
0.9544999999999408
-0.027600000000004954
1.9781999999999034
1.968100000000165
1.9839000000000642
-0.13860000000010864
1.8657999999999237
0.16199999999992265
0.07479999999998377
0.38409999999987754
2.290999999999828
2.343899999999964
2.3180999999998466
1.7169000000000114
0.9755999999998739
2.310000000000061
1.185899999999835
-2.2806000000001614
1.9997999999999383
0.4715999999999685
-0.027400000000055158
0.9567999999998182
0.8596999999998634
0.909899999999995
0.9237999999999165
2.322299999999929
2.37549999999999
0.9959999999999827
1.7546999999998452
0.7514999999999663
0.3105999999999103
-0.19930000000010573
0.6709999999999372
2.11250000000007
0.9062999999999892
2.184599999999934
2.328999999999839
0.7495000000000136
1.041399999999955
0.7932999999999328
0.6968000000000547
0.9165000000001573
0.15389999999990955
2.1272999999997655
0.09649999999976622
-0.043699999999828876
-2.0674999999999937
2.455499999999917
0.757300000000102
2.1343999999998022
-0.10090000000002242
2.020399999999997
-0.018000000000141014
-0.21570000000008172
0.1691999999999343
2.3476999999999197
2.268500000000019
0.43209999999987936
0.9645999999999066
2.076500000000012
0.8966999999998979
0.5959999999998917
0.8100999999998084
2.3009000000000714
0.49180000000012747
0.737099999999943
0.7496999999999634
1.9687999999999892
0.13960000000008854
1.9365999999998866
0.8874999999999336
-2.075700000000209
1.0452999999998855
1.9710999999998666
-0.19290000000012064
2.14070000000004
1.0440999999999594
-0.027400000000055158
0.8308000000000693
-0.1329000000001752
1.8101999999997833
1.0426000000001086
0.005299999999921923
-0.04550000000005916
1.8451999999998652
1.121699999999807
2.357499999999961
-2.0845000000000464
1.8303999999999423
0.8679000000000787
-0.028300000000056613
2.245099999999981
-2.1074999999999573
1.1308999999997713
0.015399999999887726
0.00609999999994848
2.3150999999999176
2.2309999999998826
0.11199999999996813
0.4859000000000169
2.3163999999998186
0.9046999999999361
0.8138999999999914
1.0207999999998965
0.7251999999999743
0.9412000000000962
0.4372999999999383
2.3300000000000427
0.9904000000000241
-2.0996000000001214
0.9201999999999106
0.19960000000003397
-2.059100000000056
2.058200000000058
1.674299999999791
1.0377999999999492
-2.067000000000119
2.2897000000001544
-0.12909999999999222
-0.23560000000008863
0.36329999999986917
0.9506999999997578
-2.1109000000000133
1.8411999999999598
0.6382999999999601
1.0226999999998743
0.02260000000012674
0.9231000000000922
2.302900000000024
-0.15260000000000495
2.0770000000001136
0.982300000000011
1.0131999999999852
1.1399000000000132
1.6739999999998663
1.0958999999999168
1.9662999999999347
-0.18060000000025234
0.7731000000000012
1.747099999999934
1.926299999999971
0.40199999999993175
-1.9936999999998744
1.1295999999998703
0.45439999999996594
0.45509999999979023
0.7057999999998419
1.0375999999999994
-2.1243000000000603
2.270300000000022
-0.14469999999994165
0.47609999999997576
0.03480000000002015
0.730299999999831
0.01290000000006053
0.5822999999999201
1.9300999999999267
0.4531999999998124
-2.081800000000042
0.8918999999999659
0.800999999999819
1.9406999999999943
-0.014099999999983126
1.819399999999975
2.2764000000000824
2.2969999999999136
1.7666000000000412
1.8400999999997811
-0.13870000000008353
0.690699999999767
0.9388000000000165
2.3066999999999798
0.2919999999998044
0.5294000000000114
1.037999999999899
1.924699999999918
0.37969999999984516
0.824199999999907
0.042299999999956484
1.1873999999999132
1.0477999999999401
-0.14729999999997112
0.4406000000000194
0.9832999999999874
2.0475000000000154
-0.14909999999997403
2.2786999999999598
-0.006100000000172301
0.6880999999997375
-0.015300000000136649
0.41350000000000087
1.777100000000134
0.057199999999854256
-2.110200000000189
-2.1131999999998907
1.9465999999998775
0.5378000000001766
1.7963000000000893
0.48100000000011
0.9144000000000023
-0.020300000000018414
2.289799999999902
2.2494000000000387
0.4620999999998521
1.8567999999999092
0.8462999999998164
2.2985999999997393
-0.01460000000008499
0.32050000000015366
-2.058699999999929
0.3802999999999219
2.1805000000000536
0.7245999999998975
-0.05170000000009445
0.9231000000000922
2.319399999999975
-0.03740000000004606
0.4755999999998739
0.8363000000000529
1.631599999999823
1.0440999999999594
0.47249999999996994
0.44970000000000887
1.0342999999999183
0.5837999999999983
0.42819999999994884
-2.027099999999903
2.178500000000101
-0.00779999999997294
2.3472000000000453
1.7439999999998026
0.9072999999999656
1.9657000000000853
1.8674999999999518
2.057299999999829
0.8762999999997891
-2.1007000000000726
1.7691000000000958
2.345799999999942
-0.2888000000001494
0.5564000000000551
-2.065099999999914
0.5092999999998273
-0.1497000000000508
1.997500000000061
1.8201000000000267
0.27670000000000705
2.2167000000000616
2.339299999999982
1.033500000000119
1.7158000000000602
1.897899999999824
2.4090999999999685
2.3172000000000725
0.5151999999999379
0.6076000000001631
0.4796999999999816
1.6767999999998455
0.5284999999997826
-0.019800000000143925
0.5390000000001027
-2.0679000000001206
1.8333999999998714
1.8187999999998983
1.716999999999759
1.0372999999998473
0.010499999999980858
1.787999999999899
0.8933000000000693
0.5231999999999761
0.5431999999999579
0.3924000000000678
0.9269000000000478
0.8711999999999325
0.4670999999999612
-2.1224000000000824
1.0656000000000194
-0.010899999999876897
0.2591000000001049
2.3325000000000973
2.3429999999999627
-0.16849999999987908
0.8491000000000231
0.8666999999999252
2.308999999999857
2.3273000000000383
0.9966000000000594
2.266499999999839
2.2260999999999758
0.9972999999998837
0.1006999999998488
1.0673000000000474
2.3313999999999186
0.9203999999998604
1.0185999999997666
-0.01230000000020759
-0.005399999999893268
1.7528999999998423
1.791399999999955
2.1541999999998342
0.9085999999998666
2.044499999999859
2.2593999999998022
2.125199999999838
-0.17289999999991146
2.325899999999935
0.5213999999999732
1.842700000000038
0.8745999999999885
-0.15800000000024106
2.2884999999997735
1.9807999999999328
1.9718999999998932
2.338100000000056
0.3236000000000576
1.010400000000006
2.2804999999999627
2.079200000000016
-0.18880000000001296
0.47390000000007326
1.7893000000000274
0.4876000000000449
-0.020399999999993312
2.427699999999847
0.4688999999999641
1.8961000000000485
-0.151200000000129
1.0919000000000114
2.0562000000001053
-0.1720999999998849
-2.1277000000001163
2.3279999999998626
0.7935999999998575
1.1805999999998011
0.4225999999999903
1.995700000000058
0.8594999999999136
-2.1211000000001814
0.8193000000000001
1.5636000000000667
2.268699999999969
0.24119999999982333
0.8220000000000045
2.1467000000001253
1.9668000000000365
-2.1499000000000006
0.7982000000000671
-2.1243000000000603
0.9451000000000267
2.3384999999999554
2.3193
0.4170999999997793
0.4773999999998768
0.8419000000000114
1.6734000000000169
1.9960999999999576
0.4749000000000496
1.9174999999999063
-2.111299999999913
1.1507000000000307
0.4700999999998903
0.9688999999999641
2.197599999999854
-2.134900000000128
1.302699999999847
2.2432999999999783
-0.19960000000003042
2.487199999999918
-0.012699999999879807
1.928099999999974
0.6243000000000638
1.565999999999919
0.676299999999971
1.191400000000046
0.07669999999996158
2.004699999999845
2.371999999999959
-2.0466000000000104
0.8323000000001475
2.189199999999916
1.051299999999971
1.1064000000000096
2.477199999999927
2.2904999999999536
-0.04450000000008281
0.2051999999999925
0.5738000000000074
0.9796999999999816
2.352500000000079
2.0013999999999914
-0.21079999999994747
0.43389999999988227
2.454499999999941
1.9335999999999576
2.255700000000049
0.8514999999998754
2.358900000000064
1.6972999999999292
0.4872999999998928
-0.010699999999927101
0.891499999999839
-0.0021000000000395147
1.1468000000001002
1.0929999999999627
2.276799999999982
1.9877999999999947
0.4388999999999914
2.1213999999998823
0.681099999999903
2.3419999999999863
1.905200000000038
0.7970999999998885
0.2963999999998368
1.9207000000000125
-0.020900000000095176
2.2442999999999547
1.5549999999999518
-0.07290000000000241
0.43819999999993975
0.8656999999999488
1.9540000000000664
0.9968999999999841
2.1456999999999216
1.0107999999999056
2.2511999999998142
0.9985999999997848
0.07649999999978441
2.1140999999998957
2.242300000000002
0.7713999999999732
1.9288000000000256
1.8391999999997797
2.1871999999999634
1.6561000000000394
2.188099999999965
0.843999999999939
-2.1305000000000955
2.059499999999959
1.5950999999998903
2.3562999999998073
-2.22370000000012
0.43449999999995903
0.8763999999999914
1.9696000000000158
-0.09589999999991328
0.6929999999998717
-0.17510000000004133
-0.05830000000002933
0.6625000000000245
0.49020000000007435
2.3182999999997964
2.2748999999997768
0.0199999999998699
1.1818999999999296
0.9406000000000194
0.5096999999999543
-0.027000000000155566
-2.080299999999964
0.4615000000000027
-0.3084000000002316
0.9463999999999277
-2.076799999999933
0.35739999999998595
0.9343999999997568
-2.102200000000151
2.16649999999993
2.324199999999907
0.537999999999899
1.9732999999999965
0.20249999999976076
0.9521000000000885
1.9926999999999016
2.3097999999998837
-0.0012000000000380595
-2.045700000000009
2.2846000000000704
0.4854999999998899
1.9947999999998292
0.9229999999998899
0.873699999999987
0.7094999999998226
0.008299999999850982
2.11699999999985
0.34809999999981933
1.0990000000000482
0.9423000000000474
0.6933999999999987
1.8140999999999412
0.987099999999943
0.5291999999998342
0.9003999999998786
-0.19460000000014865
0.6932000000000489
0.873399999999835
1.8709000000000078
1.820699999999876
1.7902000000000289
0.6921000000000976
0.5113000000000074
1.1635999999999758
2.3399000000000587
0.9020999999999066
-0.027899999999929648
2.07599999999991
0.49279999999987645
-2.0930000000001865
0.8628999999999696
1.953999999999839
-0.1734000000002407
1.0777999999999128
1.0211000000000485
1.9972999999998837
0.22049999999978986
1.9886000000000212
2.1792999999999
1.774699999999827
2.2676000000000176
0.885400000000006
1.1834999999999827
2.2838999999997913
0.4881999999998943
0.740199999999847
0.9968999999999841
2.31949999999995
1.114200000000098
2.2844000000001206
0.8933999999998168
0.08409999999992301
0.7136999999999052
0.35929999999996376
-0.1093999999999351
2.1388999999998095
2.442599999999972
1.997099999999934
0.9838999999998368
1.6590999999999685
0.9127999999999492
2.434399999999984
0.6574999999999154
0.7659999999999645
-0.15270000000020723
-0.03030000000000932
2.246599999999832
2.2568
0.9850000000000154
0.9841999999999889
0.48249999999996085
0.8616999999998161
2.3187999999998983
1.0263000000001075
0.975499999999899
-2.1359000000001043
2.2897000000001544
2.149799999999802
2.296500000000039
0.923300000000042
1.0816999999998433
0.918099999999983
0.9803000000000583
0.505199999999947
-2.109700000000087
2.0026999999998925
0.8627999999999947
1.012100000000034
0.9484999999998553
2.248199999999885
0.8973999999999496
-2.1083999999999588
2.3219000000000296
2.293600000000085
0.47269999999991974
0.9791999999998797
-2.150899999999977
-0.17850000000009736
2.031399999999964
-0.03789999999992055
0.330699999999867
2.10379999999998
0.998399999999835
-0.12640000000021523
1.0009999999998644
1.0587999999999074
-2.0101000000000777
0.9255999999999194
1.2081999999999216
2.11270000000002
0.2864999999998208
2.286600000000023
2.3120000000000136
2.4255999999999194
-0.13760000000013228
0.950899999999935
0.47410000000002306
0.5455000000000627
0.6144000000000478
0.8635000000000463
1.197399999999904
0.6687000000000598
0.9416999999999707
0.5440999999999594
-0.009700000000178122
1.991899999999875
1.0217999999998728
1.0055999999998466
1.8537999999999801
-2.0777000000001618
1.8671999999997997
0.6464999999999481
-0.03100000000006098
0.02979999999991101
2.3218999999998022
0.679399999999875
-2.071499999999899
0.8183000000000238
1.9855999999998648
-2.089599999999903
2.3074000000000314
1.0446999999998088
1.1946999999998997
2.2315999999999594
0.9772999999999019
0.9113000000000984
-0.049600000000166844
0.8688999999998277
2.3373000000000292
0.5959999999998917
0.9988999999999368
2.3086999999999325
0.6752999999999947
2.309399999999984
2.3416000000000867
-2.0663000000000675
2.203999999999839
1.9738999999998459
0.32769999999993793
2.2904999999999536
1.7932999999999328
-2.1057999999999293
-0.0033000000001930374
2.315799999999969
-0.22670000000004897
0.8920999999999157
0.3138000000000165
2.331099999999994
-2.085300000000073
0.43419999999980696
-0.1861999999999835
0.5528000000000493
0.6752000000000198
1.099199999999998
0.4700999999998903
-0.20680000000004206
1.036199999999896
2.283400000000144
0.9520999999998612
2.414399999999775
0.916099999999803
-2.123400000000059
1.8598000000000656
-0.24670000000003078
0.37320000000011255
1.286199999999896
1.8312999999999438
0.08090000000004416
1.0882000000000307
1.7321999999998088
2.2687999999999438
-2.043800000000031
0.7069999999999954
2.3039999999999754
1.1274999999999427
2.1083999999999623
2.475499999999899
0.8464999999999936
0.6300999999999721
1.0274000000000587
1.0580000000001082
2.342800000000013
-0.12679999999988745
0.39330000000006926
0.011599999999932109
2.1623000000000747
0.6472999999999747
2.0257000000000307
-0.157700000000089
1.9845999999998885
0.684900000000086
1.1606999999997942
0.46420000000000705
0.6954999999999263
1.08229999999992
1.741899999999875
2.311100000000012
0.2938999999997822
-2.1156000000001978
2.3809999999999736
1.0301999999998106
2.437399999999913
-2.05770000000018
0.4847000000000907
0.6944999999999499
-2.055600000000025
0.727600000000054
0.5501999999997924
0.2999000000000951
0.5782000000000398
-2.111600000000065
2.2595999999999794
0.5979999999998444
1.0935000000000645
2.3310999999997666
-2.073299999999902
0.5265000000000573
0.43219999999985426
0.8693999999999296
2.279000000000112
0.9564999999998935
-0.11440000000004424
0.6724000000000405
1.9947999999998292
0.9748000000000747
1.9610000000001282
2.002000000000068
0.5196999999999452
0.3265999999999867
-0.17280000000016393
0.38510000000008127
2.1691999999999343
0.29309999999998304
1.9930999999998011
0.5496999999999179
-0.16749999999990273
2.3495999999998975
-0.09559999999998858
2.2820999999997884
2.3161000000001213
0.8389000000000824
1.9886000000000212
0.4448999999998495
2.2472999999998837
0.737099999999943
-0.15260000000000495
1.0029999999998171
-2.0461999999998834
0.8973999999999496
2.3169999999998954
1.8325999999998448
1.9316000000000049
-2.0868999999998987
1.5021999999997906
1.533700000000069
0.3403999999999332
1.9916999999999252
2.4208999999999623
1.962499999999979
-2.1318999999999715
1.0357999999999965
0.543099999999983
-0.02680000000020577
1.3001000000000449
0.7640000000000118
2.005399999999897
0.4996999999999634
-0.19089999999994056
1.7981999999998397
1.0856999999999761
0.9013000000001075
-2.0880000000000773
0.9293000000001275
-0.15639999999996057
2.2526999999998925
0.0077000000000015945
2.286500000000048
2.2928000000000583
0.3491999999997706
1.9578999999999969
1.0744999999998317
0.9962000000001598
-0.08720000000005079
-0.01160000000015593
1.1969999999997771
2.368799999999853
1.8237000000000325
0.4932999999999783
1.819800000000102
2.3283000000000147
2.1244000000000387
1.8366999999999525
-2.065300000000091
1.8628999999999696
0.012299999999983768
1.9355000000001628
2.4140000000001027
0.4192999999999092
-0.011100000000054067
1.981899999999884
2.301199999999996
1.1552999999997855
1.9916999999999252
2.4174999999999063
0.47279999999989464
1.968999999999939
2.322599999999854
2.0434999999998826
1.7313999999997822
0.45550000000014457
1.828100000000065
0.3963999999999732
2.30000000000007
0.8805000000000991
0.34359999999981206
1.8664999999999754
0.5858999999999259
2.318100000000074
0.9446999999998997
2.287799999999949
0.5259999999999554
0.5937999999997619
0.7211999999998415
2.1232000000001126
2.3067999999999547
1.0124999999999336
1.1355999999999558
1.974199999999998
2.4482999999999056
2.2744000000001297
2.283299999999942
0.47039999999981497
1.0275000000000336
-2.1155999999999704
0.8515999999998503
1.6350000000001064
0.7371999999999179
1.7825999999998903
0.819399999999975
0.7696999999999452
2.003499999999919
0.27879999999993466
2.2558999999999987
-2.1072000000000326
1.113799999999971
2.317699999999947
0.47410000000002306
0.9218999999999387
1.0106999999999307
-0.017900000000166116
0.941400000000046
0.5190999999998684
2.2204000000000423
2.2460999999999576
0.5520000000000227
0.3256000000000103
-2.136700000000131
0.9820999999998339
-0.019100000000092265
2.305599999999801
0.5359999999999463
0.7165999999998593
0.4834999999999372
-2.058900000000106
0.8447999999999656
2.333300000000124
0.47030000000006744
2.242100000000052
1.0270999999999066
2.3273000000000383
1.1287999999998437
0.39199999999994084
2.00499999999977
1.0304999999999627
-2.0692000000000217
0.7899999999998517
2.155200000000038
1.5621999999999634
0.7413000000000256
2.325899999999935
1.0667999999999456
0.7647000000000634
1.9989999999999117
1.7266999999998252
1.0008999999998895
0.46799999999996267
2.0687999999998983
2.444900000000077
-0.013000000000031875
-0.00779999999997294
0.4978999999999605
-0.2405999999999704
0.9527999999999128
0.378900000000046
-2.0449999999999573
-0.1493000000001512
2.024900000000004
0.42379999999991647
-2.08370000000002
0.4015999999998048
1.7051999999999925
2.4451000000000267
2.239400000000048
2.1333000000000784
1.0833000000001238
1.8304999999999172
-2.0802000000002163
0.9696999999997633
2.003199999999767
0.5363999999998459
2.2473999999998586
1.6396000000000885
2.131699999999798
2.360900000000017
2.320699999999876
0.6345999999999794
-0.15459999999995766
0.9339999999998572
0.0018999999998658978
1.9482999999999056
0.9258999999998441
0.12739999999996776
0.01889999999991865
1.9683999999998623
-0.022499999999920917
1.7894000000000023
1.0955999999999921
-0.1699999999999573
1.00479999999982
2.3020999999999976
1.8197999999998746
0.8841000000001049
2.1411999999999143
2.2922999999999565
0.6927999999999219
2.010300000000031
-2.0661000000001177
1.7798000000001384
0.9449999999998244
1.291399999999955
2.4627999999999037
1.0528000000000493
0.6626999999999743
0.7472999999998837
0.9695000000000409
-2.0493999999999897
0.89050000000009
0.9156999999999034
2.1887000000000416
0.9005999999998284
0.03769999999997431
0.5264000000000824
1.6649000000001042
0.9188999999997822
1.2287000000000052
0.0018999999998658978
1.9798999999999314
-0.1858000000000839
1.8995000000001045
-0.1514000000000788
1.9183999999999077
-0.20320000000003624
2.357300000000011
0.8827000000000016
-2.0855999999999977
0.3262000000000871
0.03159999999991392
0.060000000000060894
-0.15250000000003006
2.3238999999999823
1.912899999999924
1.9152000000000289
2.4377000000000653
2.279799999999911
0.4246999999999179
2.484199999999989
-0.18349999999997912
0.06479999999999286
2.0371999999998724
-0.15629999999998567
-0.07820000000003624
2.2933999999999077
1.0214999999999481
0.863799999999971
0.1791999999999252
0.48640000000011874
-0.14089999999998604
1.8383000000000056
1.078100000000065
0.8029000000000241
2.3228999999997786
0.48079999999993284
0.6915000000000209
-2.099499999999919
2.3314999999998935
-2.291000000000052
0.8595999999998885
0.022699999999874265
2.179199999999925
1.9743999999999478
1.0105999999999558
-2.08370000000002
-0.13029999999991837
2.3349999999999245
2.0795999999999157
0.5169999999999408
1.9830000000000627
2.3117999999998364
0.12559999999996485
0.8915999999998139
1.0941999999998888
2.2892999999998
2.104400000000057
1.8040999999999503
2.2881000000001013
0.9814999999999845
1.0111000000000576
2.0096999999999543
1.1408999999999896
1.9878999999999696
-0.1960999999999995
0.715599999999883
1.2881999999998488
1.0221000000000249
1.1999999999999336
2.314099999999941
-0.17900000000019922
2.2655999999998375
-0.13700000000005552
0.8691999999997524
0.845699999999967
0.6906000000000194
2.2620999999998066
1.9634999999999554
-0.29540000000008426
0.4072999999999656
2.099000000000048
1.0200999999998448
0.5294000000000114
0.18459999999993393
2.0108999999998804
2.3303999999999423
1.797899999999915
0.046600000000013964
2.3351999999998743
0.8940999999998684
0.03470000000004525
2.0949999999999154
2.2993000000000183
-2.1734000000000133
0.6147999999999474
1.9864000000001187
1.7613000000000074
1.8063000000000802
0.8382000000000307
0.710499999999799
2.2771999999998815
0.43420000000003434
1.965599999999883
0.4954999999998808
-0.0811999999999653
0.7223000000000201
-0.03439999999988963
2.3261999999998597
0.4923999999997495
0.9110999999999212
0.6462000000000234
-2.087000000000101
2.15149999999983
2.179600000000052
2.3268999999999114
0.5575999999999812
0.21479999999985644
-0.1579000000000388
1.0554999999998262
-0.03380000000004024
2.476000000000001
2.0976999999999197
-0.02620000000012901
2.345199999999865
-0.11819999999999986
-0.18150000000002642
1.9994000000000387
2.0950999999998903
1.1064000000000096
0.4637999999998801
2.4553999999999423
2.43799999999999
0.6986000000000576
1.138099999999783
0.3746999999999634
1.7527000000001198
2.3203999999999514
1.8138000000000165
-0.15430000000003297
0.9580999999999467
2.156499999999939
2.2887999999999256
2.3350999999998994
2.3166999999999707
0.8528999999999787
2.307899999999906
1.0320000000000409
-2.0692000000000217
0.7395999999999976
0.9944999999999045
1.034499999999868
1.8055000000000536
0.5046000000000976
1.961200000000078
1.7887999999999256
-0.18200000000012828
0.9283999999998986
2.3074000000000314
2.4208999999999623
-0.09940000000017157
0.5149000000000132
0.2663999999998641
-0.14480000000014392
1.100199999999747
0.991899999999875
2.299599999999943
-0.1419999999999373
-0.005899999999995131
2.322900000000006
0.6894000000000933
2.2243999999999478
-0.007200000000123552
1.0006999999999397
1.781599999999914
1.95300000000009
0.2900000000000791
1.0482999999998146
1.985700000000067
-0.12199999999995548
0.47029999999984007
0.755600000000074
0.2640999999999867
0.9046999999999361
2.352099999999952
0.512100000000034
0.8421999999999361
2.1516999999997797
0.8533999999998532
0.5040000000000209
-0.14089999999998604
2.4748999999998222
0.5048000000000474
2.1142999999998455
-0.13880000000005843
0.6972999999999292
2.150600000000056
2.3395999999999066
0.8315999999998684
0.9805000000000081
2.386599999999932
0.45619999999996885
0.402100000000134
0.6956999999998761
0.6123000000001202
-0.0267000000000035
0.9283999999998986
-0.11130000000014029
0.9719999999998681
2.2706999999999216
0.5085000000000282
0.5149999999997608
2.381899999999975
2.3003999999999696
0.8872000000000089
0.898299999999951
1.8384999999999554
0.3021999999997451
1.0398000000001293
1.8043000000001275
1.1249000000001406
0.587499999999979
0.48679999999979096
1.959099999999923
1.9762999999999256
1.8812999999998983
-2.1044000000000533
-0.03069999999990891
2.305899999999953
-0.11659999999994675
1.8135999999998393
-2.0314999999999355
0.9341000000000594
0.5097999999999292
0.06119999999975967
0.9287999999997982
2.198999999999957
2.411399999999846
-0.149500000000101
2.4191999999999343
1.5274000000000587
-2.0394999999999737
2.154699999999936
0.28749999999979714
2.326300000000062
0.8713999999998823
-2.169400000000108
1.8910999999999394
-0.14840000000014975
0.9521999999998361
2.4879999999999445
1.9820000000000864
0.8700999999997538
2.3247999999997564
-2.1416000000000377
0.26119999999980514
-0.016000000000188308
0.03419999999994339
1.0885999999999303
0.9269000000000478
0.007099999999924833
0.9068999999998386
0.6972999999999292
-2.0547000000000235
0.419499999999859
0.9089999999999936
1.9316999999997524
0.9852999999999401
-2.0564000000000515
-2.0832000000001454
0.42600000000004634
2.0055999999998466
-0.08219999999994165
0.8455000000000172
0.9888999999999459
1.9705999999997648
0.5137000000000871
-0.13620000000025634
0.8433000000001147
2.1362000000000325
0.2874000000000496
2.4829999999998353
1.8962999999999983
1.750099999999863
0.8519000000000023
1.7758000000000056
0.5195999999999703
2.1981999999999307
0.5250999999999539
0.48069999999995794
0.03480000000002015
1.016799999999991
1.0439000000000096
2.028299999999833
2.1437999999999438
0.8309999999997917
-2.111800000000242
2.350900000000026
0.5181000000001195
0.9833999999999623
2.2945000000000864
1.9746999999998724
1.0368999999999478
0.4850999999999903
-0.1876000000000868
-0.0013000000002403311
-0.15279999999995475
0.4507999999999601
-0.0032000000002181395
0.48439999999993866
2.318300000000024
2.3003999999999696
0.8469000000001206
1.9796000000000067
0.7803999999999878
0.5049999999999972
0.5040999999999958
-0.10440000000005334
-2.108700000000111
0.4325999999999812
2.3248999999999587
0.5708999999998259
1.8839999999999026
1.727199999999927
0.2701999999998197
1.2843999999998932
1.81079999999986
2.094199999999889
1.799599999999943
0.7886999999999507
0.15779999999984007
-2.0665000000002447
0.44430000000000014
1.7507999999999146
0.5275000000000336
-2.0615000000001356
-0.2486000000000086
1.8550999999998812
1.1941000000000503
2.3945999999999703
2.3085999999999576
1.760099999999854
0.8632999999998692
-0.32599999999990636
-0.17020000000013447
0.46040000000005143
2.2808000000001147
0.21639999999990955
0.8946999999999452
1.9725999999999448
1.9860999999999667
0.48830000000009655
1.5898999999998313
-2.0880000000000773
0.5868999999999023
1.7024000000000132
-2.086599999999974
2.223999999999821
0.9370999999999885
1.1307000000000489
1.8906999999998124
0.8611999999999416
1.988799999999971
-2.071900000000026
0.7752999999999037
0.9305000000000536
0.9028999999999332
2.1041999999998797
0.8939999999998935
1.0717000000000798
2.1963999999999277
0.7165999999998593
0.9431999999998215
-0.026000000000179213
-2.0204000000002207
0.5008999999998895
0.9450000000000518
0.9862999999999165
0.7001999999998834
0.8747999999999383
0.6816999999999798
-0.15800000000001369
1.775400000000106
0.10509999999988118
0.8422000000001635
0.4551000000000176
0.8683999999999532
-2.2698999999998914
1.7018999999999114
1.6864999999999117
0.6550000000000882
2.332199999999945
-0.17709999999999404
1.9882000000001216
1.7148000000000838
0.3039999999999754
0.48050000000000814
0.7710000000000736
0.0032999999999692164
2.255800000000024
2.329499999999941
0.3644000000000478
1.0747999999999838
1.0428999999998059
2.3254000000000605
0.6934999999999736
1.0946000000000158
0.5186999999997415
-0.009699999999950748
1.0424999999999063
-2.0858999999999224
2.327499999999988
-0.17359999999996312
2.0340999999999685
-2.156300000000213
0.8860000000000827
2.2291999999998797
2.0700999999997993
2.3413999999999096
1.0165999999998139
-0.0015999999999376513
0.14609999999982115
1.6515000000000573
2.2344999999999136
1.0665999999999958
0.8915000000000664
1.9778999999999787
2.452900000000115
1.109100000000014
2.2991000000000685
1.1654999999999536
-2.2690000000001174
1.0159999999999645
1.964200000000007
0.8274000000000132
1.9923999999999769
-0.051699999999867075
1.9489999999999572
1.266499999999839
2.136900000000084
2.4633000000000056
2.2303000000000583
1.7096999999997724
0.6647000000001544
2.3149999999999427
-0.14190000000018976
0.15869999999984152
1.0001999999998379
2.253299999999969
0.7929000000000332
1.7040999999998139
2.3089000000001096
1.8057999999999783
1.979300000000082
2.177699999999847
1.8343999999998477
2.288199999999849
0.2822999999999656
-2.109800000000062
0.8567999999999092
0.934499999999959
1.6390000000000118
-2.119800000000053
-0.17030000000010936
1.6888999999999914
0.9981999999998852
-0.21490000000005516
-0.12790000000006607
0.8897000000000634
-0.06900000000007189
0.6921000000000976
2.0791000000000412
2.0671000000000976
0.9213999999998368
1.804800000000002
-0.11030000000016393
2.3477999999998946
-2.0634000000001134
2.249100000000114
2.4024000000000587
2.475900000000026
1.2471000000001613
0.49480000000005653
-2.056899999999926
2.217700000000038
0.9229999999998899
-0.08180000000004206
1.893500000000019
2.3764999999999663
1.986799999999791
0.4871999999999179
2.261599999999932
0.5176999999999925
-2.0679000000001206
0.4912000000000507
0.708699999999796
-2.0863000000000493
1.122300000000111
0.2272999999999019
0.8631999999998943
2.3202999999999765
-0.008500000000024599
1.0212999999999983
0.9162999999999801
-0.0017999999998874472
-2.132600000000023
0.9941999999999798
-2.0564000000000515
-0.03050000000018649
0.8546000000000067
0.8971999999997724
-0.13089999999999513
0.8089000000001096
0.8529999999999536
0.9203000000001129
1.9933999999999532
2.1621999999998724
-0.02310000000022505
0.9791999999998797
0.46839999999986226
2.133799999999953
1.0502999999999947
0.3086999999999325
2.502100000000043
1.0238999999998004
-2.0342999999999147
-0.18110000000012683
0.4699999999999154
1.0244999999998772
2.3051999999999016
-0.04550000000005916
2.1735999999999667
-0.11119999999993802
0.7462999999999074
0.6898999999999678
1.7964999999998117
1.0666999999999707
2.144100000000096
1.0041999999997433
0.5042999999999456
1.7124000000000041
1.9796999999999816
2.322699999999829
0.5098999999999041
-0.14670000000012173
2.314799999999993
0.4408999999999441
0.8936999999999689
0.9774999999998517
-0.1959000000000497
2.1823000000000565
0.9381999999999397
2.419999999999961
-0.0043000000001693905
-0.01319999999998167
0.6589999999999936
0.8960999999998212
-0.031200000000010775
2.3225000000001064
0.056599999999777495
0.5298999999998859
0.24590000000000778
0.9649999999998062
1.5441999999999343
1.7788999999999096
1.7855000000000718
0.259999999999879
0.154799999999911
1.982300000000011
2.286799999999973
0.8480000000000718
2.003499999999919
0.43809999999996485
2.306199999999878
2.346899999999893
0.9180000000000081
0.929399999999875
0.0645999999998157
0.7077000000000471
1.9433999999999987
0.6751999999997924
0.9550999999997902
0.36970000000008163
0.8580000000000627
1.9472999999999292
0.9840000000000391
0.5977999999998946
-0.022499999999920917
1.9976000000000358
-0.1497000000000508
1.0688999999998732
0.4837999999998619
0.990499999999999
2.2872000000001
0.9388000000000165
1.0472999999998382
2.2854999999998444
1.9018999999999568
1.7721000000000249
0.8994999999998772
2.30020000000002
2.4475000000001064
-0.17479999999988927
0.5177999999999674
1.057799999999931
1.9931000000000285
0.9620000000001045
0.0034999999999190123
1.0221999999999998
2.3411999999999598
0.7391999999998706
1.590699999999858
1.8391999999997797
0.9388000000000165
1.0469999999999136
1.9578999999997695
1.8763999999999914
2.314799999999993
-2.0925000000000846
0.8981000000000012
2.1366000000001595
2.099000000000048
-2.1044000000000533
0.31709999999987026
1.0169999999999408
0.08100000000001906
0.9986000000000121
0.5884999999999554
2.1707000000000125
1.8419999999999863
0.8812999999998983
-0.2386000000000177
-0.03540000000009336
1.6952000000000016
0.6699999999999608
-0.04650000000003551
0.942399999999795
2.307399999999804
0.05470000000002706
-0.5570000000001283
1.562599999999863
-2.1105000000001137
1.8429999999999627
-2.1193000000001785
0.8856999999999307
2.3384999999999554
0.9171999999999816
1.0406999999999034
1.656099999999812
2.222599999999945
1.849199999999998
0.727199999999927
-2.0745000000000555
-0.10669999999993074
-2.109900000000037
2.339299999999982
0.2614999999999572
0.9914999999999754
0.8631999999998943
-0.12710000000003951
0.4229999999998899
2.3266999999999616
-2.0909000000000315
-0.016700000000012594
-2.0671999999998416
2.240599999999974
-0.004200000000194493
2.2558999999999987
0.482700000000138
2.4243999999999932
2.296699999999989
0.06899999999984807
1.23549999999989
2.0149000000000132
0.5821999999999452
-2.1598000000000166
-0.5767999999999329
2.2774000000000587
0.4254999999999445
1.2863000000000984
2.115099999999872
2.316500000000021
1.7922999999999565
0.5141999999999616
-2.1515000000000537
2.26349999999991
0.9027999999999583
2.3356000000000012
1.7826999999998652
0.10910000000001396
1.0171999999998906
2.3056000000000285
-0.00910000000010136
-0.03859999999997221
1.9738999999998459
-0.1254000000000115
-2.0920999999999577
0.6048999999999314
-2.093600000000036
-0.11980000000005298
0.39419999999984334
2.4319999999999045
2.0850999999998994
0.05299999999999905
-0.017699999999988947
-0.006399999999869621
1.8233999999998804
0.6191999999999798
2.333899999999973
2.299099999999841
2.3607999999998146
-2.103200000000127
-0.1294999999998918
2.192900000000124
1.85399999999993
0.3078999999999059
2.2702999999997946
2.0807000000000944
1.9778999999999787
2.1230999999999103
0.45819999999992156
1.296099999999912
2.339700000000109
0.6621999999998724
0.9988999999999368
2.3248999999999587
0.5239000000000278
1.8255000000000354
0.6625000000000245
-0.2401000000000959
0.664699999999927
0.1648999999998768
0.5449999999999608
2.1041999999998797
0.4739999999998208
0.8968999999998477
2.335399999999824
0.852600000000054
1.072599999999854
0.991899999999875
0.7352999999999401
0.47609999999997576
0.31549999999981715
1.8664999999999754
1.0533999999998986
0.8952000000000471
0.7827999999998401
2.0440999999999594
2.297899999999915
1.5501000000000449
0.3187999999998983
1.9618999999999023
0.8795000000001227
0.8848999999999041
1.1206999999998306
0.8617000000000434
0.9455999999999012
1.9380999999997375
0.8140999999999412
-0.016300000000113002
2.3528000000000038
-2.0778000000001366
2.3345999999997975
-0.16840000000013156
0.43179999999995466
1.8230999999999558
1.1501999999999288
0.4919999999998499
1.197599999999854
0.7554999999998717
2.389799999999811
1.9503999999998332
1.0566999999999798
0.03660000000002306
1.738799999999971
0.2977999999999401
0.35139999999990046
-2.1187999999998492
1.9959000000000078
-0.039599999999948565
-0.038700000000174484
1.896900000000075
-2.088399999999977
0.7637000000000871
2.2941999999999343
2.1227000000000107
0.9858999999997895
1.865099999999872
-0.1130000000001683
0.5757999999999601
0.01929999999981824
0.1977999999998037
1.9859999999999918
1.9744999999999227
0.8799999999997699
0.4975999999998084
2.321299999999953
1.8838999999999277
1.992300000000002
2.3134999999998644
-2.15919999999994
2.2678999999999423
1.8519999999999772
1.279699999999936
0.45789999999999687
1.2727999999998492
0.7675000000000427
0.9158000000001056
0.6978000000000311
2.3088999999998823
0.47400000000004816
0.8075000000000063
2.094500000000041
1.2493999999998113
0.5538000000000256
-2.128000000000041
0.922899999999915
1.735399999999915
0.8908000000000147
2.114400000000048
0.8974999999999245
2.1380000000000354
-0.16549999999995002
2.223799999999871
0.9743999999999478
2.2910000000000554
0.9136999999999507
0.9336999999999325
1.3376999999999288
-2.0155000000000864
1.0440999999999594
-2.172300000000062
1.0598999999998586
-2.1208000000000293
1.8524999999998517
0.3812999999998983
2.015099999999963
-0.0005999999999612982
0.9757999999998237
-0.16850000000010645
0.9447999999998746
0.01170000000013438
1.9579999999999718
1.7131000000000558
0.9815999999999594
1.049699999999918
0.3626000000000449
0.5143999999999114
0.47590000000002597
-2.1061000000000814
1.9726999999999197
-0.19680000000005116
2.324399999999857
2.2859999999999463
0.9007000000000307
-2.056799999999951
0.5178999999999423
2.1228999999999605
0.9687999999999892
0.8973999999999496
1.9830999999998102
1.8998000000000292
1.8768000000001184
0.4775999999998266
-2.093600000000036
0.4436999999999234
0.0057999999997964125
2.1847999999998837
0.29539999999986044
-2.052500000000121
1.7480999999999103
0.7790000000001118
1.9968000000000092
-0.13859999999988126
2.3350999999998994
-0.04699999999991
0.011699999999907007
2.093999999999939
0.9961999999999325
2.1833999999997804
0.9324000000000314
2.3333999999998714
1.8525999999998266
-0.17480000000011664
0.431099999999903
0.850099999999772
1.8214999999999026
2.23770000000002
1.7175999999998357
2.406900000000066
0.9899999999998972
2.005399999999897
0.22139999999979132
1.9597999999999747
1.8291000000000412
0.4813999999997822
1.82150000000013
2.0456000000000376
2.1796999999997997
0.4917999999999001
1.1385999999998848
-2.0453000000001094
1.904699999999936
0.9950999999997538
0.5357999999999965
0.8419999999999863
-2.2110000000001246
0.4818999999998841
2.1428999999999423
-2.1204999999998773
1.1224999999998335
2.4334999999999827
1.0588999999998823
0.8974999999999245
2.222900000000097
1.8545000000000318
-0.04239999999992783
0.7373999999998677
-0.19709999999997585
2.213000000000081
0.5171999999998906
-2.08149999999989
2.240400000000024
2.4697999999999656
1.859000000000039
0.04409999999973202
0.9522000000000634
0.49889999999993684
0.7649000000000132
0.567399999999795
1.0291000000000867
-2.1317000000000217
1.1905000000000445
1.0334999999998917
0.8711999999999325
2.2845000000000955
1.1536999999999598
-0.03210000000001223
1.1363000000000074
0.4285000000001009
-1.0316000000001377
0.3550999999998812
0.8385999999999303
0.7570999999999248
0.6803000000001038
2.0294999999999863
0.42649999999992083
0.4168999999998295
0.5023999999999678
0.9266000000001231
2.125400000000015
-0.157700000000089
-2.042800000000055
0.9713000000000438
-0.11800000000005006
1.6079999999998353
1.8195999999999248
1.1195999999998794
1.835799999999951
1.066400000000046
2.4552999999999674
2.215599999999883
-0.17479999999988927
0.04120000000000523
2.4763999999999005
2.126599999999941
0.8468999999998932
2.008399999999826
0.9430999999998466
0.13680000000010928
2.3331999999999216
0.44230000000004743
2.2103000000000765
0.9381999999999397
2.1317999999997728
-2.0774000000000097
1.998799999999962
-0.12119999999992892
0.06789999999989682
1.1882999999999146
2.343699999999787
2.340699999999858
0.7331999999997851
1.0222999999997473
0.949199999999907
2.3036999999998233
-2.0514000000001698
2.1405999999998375
0.5346000000000704
0.7300000000001337
-0.127599999999914
-0.1295000000001192
2.328799999999889
1.0640999999999412
2.3319000000000205
1.822900000000006
1.821100000000003
0.5757999999999601
1.0068000000000001
1.8906999999998124
1.750099999999863
1.8274000000000132
-2.1045000000000282
0.6796000000000522
0.11969999999985426
1.89499999999987
0.9297000000000271
2.2924999999999063
0.5095999999999794
2.2045999999999157
1.023700000000078
1.1868999999998113
2.1855999999999103
0.5045999999998703
0.8956999999999216
-2.0547999999999984
2.123600000000012
-2.0759999999999064
-2.0980000000000683
-2.0511000000000177
0.6688999999997822
1.0523999999999223
1.9385000000000918
1.8778999999998423
1.995299999999931
2.067199999999845
-0.1434000000000406
0.9813000000000347
0.9118999999999478
0.49640000000010964
1.140099999999963
0.3788000000000711
1.1854999999999354
0.11250000000006999
0.7552999999999219
-0.12049999999987726
0.5801999999999925
-2.0717000000000763
0.6998999999999587
1.8038000000000256
0.04120000000000523
1.1946999999998997
-0.13380000000017667
-0.03810000000009772
1.7791999999998342
0.597399999999995
0.4540999999998139
2.2936999999998324
2.1146999999999725
2.065799999999969
0.8446999999999907
1.995399999999906
-0.005899999999995131
0.9295999999998248
2.2659999999999645
1.7981999999998397
-0.20330000000001114
0.5498000000001202
2.0170999999999157
0.8947000000001726
1.7601999999998288
-2.044200000000158
2.475900000000026
1.9828999999998604
0.6444000000000205
1.3654999999997717
-2.1178000000001003
0.8879000000000605
0.843999999999939
0.5028999999998423
2.1853999999999605
2.337699999999929
-0.0022000000000144126
-2.050900000000068
2.3045000000000773
0.6599999999999699
-0.11489999999991873
1.9519999999998863
0.9223000000000656
0.9855999999998648
0.020199999999819696
0.4913000000000256
-0.19909999999992856
2.418099999999983
-0.07040000000017521
1.1481000000000012
0.9108999999999714
2.161699999999998
0.3222999999999292
0.8942999999998182
2.1135000000000463
1.035300000000122
1.7486000000000121
0.907899999999815
2.324199999999907
-2.0535000000000974
2.1572999999999656
-0.18430000000000568
2.326400000000037
1.2413000000000256
2.1608999999999714
1.178400000000126
1.6801999999999016
1.8845000000000045
0.9502999999998583
-0.1536999999999562
0.8790000000000209
1.1255999999999649
1.037999999999899
0.4719999999998681
2.4411000000001213
0.847099999999843
0.9269999999997953
2.419699999999809
1.8432999999998874
-0.044999999999957296
-0.14849999999989727
0.8365999999999776
1.9322999999998292
1.8484999999999463
1.0889999999998299
0.9330999999998557
1.869999999999779
1.121999999999959
1.3089000000001096
0.5548999999999769
2.3500999999999994
1.266799999999991
0.8636000000000212
0.6746999999999179
0.9291999999999252
2.347399999999995
-0.1635000000002247
1.0459999999999372
2.2822999999999656
0.03739999999982224
-2.1147000000001963
1.8352000000001016
0.919499999999859
0.36140000000011874
0.3600000000000154
1.9528000000001402
0.4976000000000358
0.8891999999999616
2.298099999999865
0.898700000000078
0.49239999999997686
0.5061999999999234
1.633699999999978
2.2217999999999183
0.6190999999997775
0.9804999999997808
0.40239999999983134
0.47609999999997576
-0.02360000000009954
2.2514999999999663
1.8179999999998717
-0.02370000000007444
0.011800000000109279
-2.1105000000001137
0.9907999999999237
0.822900000000006
0.16930000000013656
2.330599999999892
0.7031999999998124
1.7643999999999114
0.9046999999999361
0.9786000000000303
1.1281000000000194
0.5765000000000118
0.4208999999999623
1.9960999999999576
0.4848000000000656
0.7098999999999496
0.6828999999999059
2.284399999999893
1.8484999999999463
1.0135000000001373
2.1533999999998077
2.178099999999974
0.9050999999998357
-0.009300000000051156
0.9285000000001009
0.6342000000000798
2.3318000000000456
0.43809999999996485
2.363399999999844
0.8700000000000063
0.9260999999997939
0.8684999999999281
-2.0845000000000464
1.8467999999999183
-0.13819999999998167
-2.3019000000000442
1.006899999999975
-0.24400000000002642
0.4247999999998928
2.172399999999813
0.8977000000001016
2.1985000000000827
1.324099999999932
0.7162999999999347
0.5321999999999907
0.7181999999999125
-0.023999999999999133
-0.3999999999999755
0.5940999999999139
1.9452999999999765
-2.0947000000002145
1.0364999999998208
0.2903000000000038
0.5241999999999525
0.5837000000000234
1.9645999999999066
0.500099999999863
-0.1876000000000868
0.834099999999923
2.3334999999998463
1.2005000000000354
1.0665000000000209
2.397999999999799
0.4751999999999743
0.824600000000034
1.9849000000000405
-0.16910000000018321
2.0983999999999714
1.0271999999998815
1.9498999999999587
-0.16040000000009336
2.1444000000000205
0.33989999999983134
2.332599999999845
0.6654999999999536
-0.13870000000008353
1.7739000000000278
1.7375999999998175
2.2656999999998124
0.8505999999998739
-0.00250000000016648
0.7807999999998874
0.9557000000000944
2.322599999999854
1.9578999999999969
2.3312999999999438
0.9927999999998764
2.3905999999998375
2.1522999999998564
2.0475999999999903
1.997300000000111
0.6144000000000478
2.104400000000057
1.7649000000000132
-2.040900000000077
2.072700000000056
2.315799999999969
1.901799999999982
0.8854999999999809
2.3208000000000784
0.9340000000000845
1.9812000000000598
2.308200000000058
0.7532999999999692
-0.14919999999994893
0.7299999999999063
0.8833999999998259
0.03649999999982079
1.0321999999999907
2.3209000000000533
0.524999999999979
0.42349999999999177
0.6466000000001504
1.539799999999902
0.873699999999987
0.8650000000001246
0.9223999999998131
0.10050000000012638
0.5131000000000103
0.0802999999999674
0.9299999999999518
-2.0764000000000333
2.2957000000000125
2.0159999999999645
0.34749999999996994
0.8486999999998961
0.9145999999999521
0.9981999999998852
0.9618999999999023
0.4126999999999743
0.01470000000006344
1.8249999999999336
-2.1334000000000497
2.42709999999977
1.9700999999998903
0.1546999999999361
1.863899999999946
2.266700000000016
0.9978999999999605
2.1642999999998
0.6835999999999576
